Element	2
x	y
0.99747	-0.08607	0.62930
0.99649	-0.08545	0.01379
0.99484	-0.08440	0.18226
0.99297	-0.08321	0.15820
0.99091	-0.08189	0.13292
0.98871	-0.08044	0.09033
0.98640	-0.07889	0.02483
0.98401	-0.07730	-0.04721
0.98158	-0.07572	-0.10346
0.97908	-0.07415	-0.14073
0.97651	-0.07258	-0.17378
0.97388	-0.07101	-0.20479
0.97120	-0.06944	-0.23589
0.96849	-0.06788	-0.26796
0.96575	-0.06633	-0.29697
0.96300	-0.06479	-0.32794
0.96022	-0.06327	-0.35628
0.95743	-0.06178	-0.38291
0.95462	-0.06030	-0.40768
0.95179	-0.05883	-0.42937
0.94893	-0.05738	-0.44843
0.94604	-0.05593	-0.46993
0.94313	-0.05450	-0.48974
0.94021	-0.05308	-0.51281
0.93728	-0.05167	-0.53589
0.93435	-0.05028	-0.56092
0.93142	-0.04891	-0.58296
0.92848	-0.04756	-0.60503
0.92554	-0.04623	-0.62627
0.92258	-0.04492	-0.64652
0.91962	-0.04362	-0.66637
0.91665	-0.04234	-0.68662
0.91367	-0.04108	-0.70625
0.91069	-0.03984	-0.72823
0.90771	-0.03862	-0.74781
0.90473	-0.03742	-0.76880
0.90175	-0.03624	-0.78831
0.89876	-0.03509	-0.80594
0.89578	-0.03396	-0.82439
0.89278	-0.03285	-0.83972
0.88978	-0.03176	-0.85517
0.88677	-0.03070	-0.86979
0.88376	-0.02965	-0.88383
0.88074	-0.02863	-0.89452
0.87771	-0.02763	-0.90743
0.87468	-0.02665	-0.91776
0.87164	-0.02570	-0.92821
0.86858	-0.02476	-0.93729
0.86552	-0.02384	-0.94528
0.86246	-0.02295	-0.95324
0.85938	-0.02207	-0.95901
0.85631	-0.02122	-0.96891
0.85323	-0.02039	-0.97454
0.85015	-0.01958	-0.98462
0.84708	-0.01880	-0.99385
0.84402	-0.01804	-1.00091
0.84098	-0.01731	-1.00872
0.83794	-0.01662	-1.01464
0.83491	-0.01595	-1.01604
0.83189	-0.01532	-1.01853
0.82889	-0.01472	-1.01958
0.82589	-0.01415	-1.01230
0.82289	-0.01362	-1.00345
0.81990	-0.01312	-0.99396
0.81691	-0.01266	-0.97446
0.81392	-0.01223	-0.95753
0.81093	-0.01184	-0.93122
0.80794	-0.01147	-0.90742
0.80496	-0.01115	-0.87898
0.80200	-0.01086	-0.85179
0.79905	-0.01060	-0.81737
0.79611	-0.01039	-0.78047
0.79320	-0.01021	-0.74090
0.79030	-0.01008	-0.69492
0.78742	-0.00999	-0.64923
0.78456	-0.00994	-0.59765
0.78172	-0.00994	-0.54590
0.77889	-0.00997	-0.49635
0.77611	-0.01004	-0.44424
0.77332	-0.01015	-0.39295
0.77057	-0.01029	-0.35226
0.76789	-0.01045	-0.32054
0.76530	-0.01065	-0.29438
0.76286	-0.01088	-0.27552
0.76057	-0.01113	-0.26403
0.75847	-0.01141	-0.25918
0.75654	-0.01170	-0.25654
0.75480	-0.01201	-0.25783
0.75322	-0.01234	-0.25622
0.75178	-0.01269	-0.25291
0.75049	-0.01304	-0.24931
0.74930	-0.01340	-0.24457
0.74824	-0.01377	-0.23825
0.74726	-0.01414	-0.22799
0.74638	-0.01451	-0.21812
0.74558	-0.01488	-0.20555
0.74484	-0.01525	-0.18773
0.74417	-0.01562	-0.17171
0.74356	-0.01599	-0.15375
0.74299	-0.01636	-0.13274
0.74248	-0.01673	-0.11448
0.74200	-0.01710	-0.09266
0.74156	-0.01747	-0.08181
0.74117	-0.01784	-0.02442
0.74082	-0.01823	0.05847
0.74050	-0.01860	0.11468
0.74021	-0.01897	0.14891
0.73995	-0.01934	0.19561
0.73972	-0.01972	0.26379
0.73953	-0.02009	0.34046
0.73936	-0.02045	0.40725
0.73921	-0.02082	0.47161
0.73910	-0.02117	0.53623
0.73901	-0.02153	0.60666
0.73895	-0.02190	0.68289
0.73893	-0.02227	0.75749
0.73893	-0.02264	0.82873
0.73898	-0.02302	0.89322
0.73906	-0.02340	0.94338
0.73917	-0.02379	0.97680
0.73931	-0.02417	0.99524
0.73948	-0.02454	0.99955
0.73969	-0.02489	0.98595
0.73996	-0.02521	0.95641
0.74030	-0.02550	0.92207
0.74068	-0.02575	0.88949
0.74110	-0.02598	0.86108
0.74156	-0.02618	0.83553
0.74206	-0.02637	0.81518
0.74260	-0.02654	0.79710
0.74318	-0.02668	0.78428
0.74382	-0.02681	0.78056
0.74452	-0.02692	0.78527
0.74530	-0.02702	0.78887
0.74617	-0.02714	0.78380
0.74713	-0.02727	0.77866
0.74822	-0.02741	0.77710
0.74947	-0.02756	0.77315
0.75091	-0.02774	0.76703
0.75257	-0.02795	0.76199
0.75450	-0.02819	0.75622
0.75671	-0.02848	0.74917
0.75921	-0.02881	0.74001
0.76199	-0.02918	0.73118
0.76499	-0.02958	0.72327
0.76816	-0.03000	0.71621
0.77144	-0.03043	0.70948
0.77478	-0.03087	0.70383
0.77816	-0.03132	0.69860
0.78155	-0.03177	0.69384
0.78495	-0.03222	0.68894
0.78837	-0.03268	0.68449
0.79178	-0.03314	0.68061
0.79519	-0.03360	0.67770
0.79858	-0.03407	0.67559
0.80195	-0.03453	0.67288
0.80532	-0.03501	0.66920
0.80871	-0.03549	0.66613
0.81209	-0.03598	0.66471
0.81545	-0.03647	0.66315
0.81880	-0.03696	0.66083
0.82216	-0.03747	0.65859
0.82551	-0.03798	0.65755
0.82884	-0.03849	0.65690
0.83215	-0.03901	0.65531
0.83547	-0.03955	0.65308
0.83880	-0.04009	0.65118
0.84212	-0.04065	0.65019
0.84542	-0.04120	0.64976
0.84870	-0.04177	0.64860
0.85198	-0.04235	0.64732
0.85526	-0.04295	0.64564
0.85854	-0.04355	0.64445
0.86181	-0.04416	0.64330
0.86507	-0.04479	0.64230
0.86833	-0.04543	0.64095
0.87158	-0.04608	0.63980
0.87481	-0.04674	0.63914
0.87804	-0.04741	0.63800
0.88125	-0.04810	0.63668
0.88446	-0.04880	0.63492
0.88766	-0.04952	0.63337
0.89086	-0.05026	0.63192
0.89405	-0.05100	0.63077
0.89723	-0.05177	0.62854
0.90041	-0.05254	0.62669
0.90358	-0.05333	0.62560
0.90672	-0.05414	0.62486
0.90984	-0.05495	0.62317
0.91295	-0.05580	0.61917
0.91609	-0.05667	0.61533
0.91923	-0.05755	0.61276
0.92236	-0.05845	0.61028
0.92547	-0.05936	0.60876
0.92856	-0.06028	0.60688
0.93162	-0.06122	0.60365
0.93467	-0.06218	0.59989
0.93772	-0.06317	0.59540
0.94077	-0.06417	0.59130
0.94381	-0.06519	0.58657
0.94684	-0.06624	0.58144
0.94988	-0.06731	0.57577
0.95291	-0.06840	0.56970
0.95593	-0.06951	0.56345
0.95896	-0.07064	0.55603
0.96198	-0.07178	0.54910
0.96499	-0.07294	0.54380
0.96794	-0.07409	0.54006
0.97083	-0.07525	0.53417
0.97368	-0.07642	0.52651
0.97649	-0.07761	0.51519
0.97929	-0.07884	0.50064
0.98206	-0.08009	0.47988
0.98481	-0.08135	0.45503
0.98748	-0.08259	0.43250
0.98999	-0.08374	0.41034
0.99228	-0.08478	0.38424
0.99430	-0.08571	0.34390
0.99608	-0.08650	0.22031
0.99714	-0.08697	0.62930
