0,78325025	0,01243506
0,77860806	0,01364603
0,77120944	0,01536413
0,76325140	0,01710049
0,75471568	0,01903937
0,74552675	0,02117081
0,73565473	0,02341679
0,72509547	0,02577814
0,71391205	0,02826980
0,70222648	0,03086604
0,69016575	0,03351789
0,67783693	0,03618468
0,66533713	0,03884068
0,65275682	0,04146431
0,64017485	0,04402901
0,62764517	0,04651071
0,61519600	0,04889032
0,60283315	0,05116037
0,59055828	0,05331173
0,57836392	0,05534274
0,56623762	0,05725008
0,55416278	0,05903292
0,54211699	0,06069126
0,53007535	0,06221929
0,51800549	0,06362780
0,50587836	0,06492177
0,49367736	0,06610369
0,48138423	0,06718352
0,46898901	0,06816375
0,45648755	0,06905102
0,44387653	0,06984948
0,43117006	0,07056328
0,41837561	0,07119657
0,40550978	0,07174437
0,39257672	0,07221249
0,37958888	0,07259595
0,36655456	0,07290139
0,35348206	0,07312632
0,34038715	0,07327406
0,32728477	0,07334793
0,31419401	0,07334378
0,30113147	0,07326327
0,28811458	0,07310723
0,27516243	0,07287151
0,26229743	0,07256026
0,24954116	0,07217348
0,23692267	0,07171117
0,22447433	0,07117499
0,21223349	0,07056826
0,20024414	0,06989430
0,18855442	0,06915809
0,17721413	0,06836461
0,16627390	0,06752216
0,15577855	0,06663904
0,14577124	0,06572189
0,13628185	0,06478067
0,12732864	0,06382451
0,11892074	0,06286254
0,11105151	0,06189974
0,10370601	0,06094358
0,09686100	0,05999655
0,09048743	0,05906197
0,08455210	0,05814150
0,07902098	0,05723348
0,07386004	0,05633791
0,06903857	0,05545562
0,06452586	0,05458246
0,06029369	0,05371677
0,05631716	0,05285523
0,05257469	0,05198705
0,04904553	0,05110476
0,04571059	0,05020338
0,04255244	0,04928125
0,03955531	0,04834003
0,03670758	0,04738138
0,03399763	0,04640447
0,03141716	0,04540681
0,02895870	0,04438259
0,02661561	0,04333513
0,02438706	0,04225032
0,02227305	0,04111405
0,02027773	0,03991304
0,01840608	0,03863401
0,01665893	0,03727613
0,01503047	0,03584687
0,01351489	0,03435785
0,01210223	0,03281986
0,01078585	0,03124286
0,00956077	0,02963183
0,00842533	0,02799175
0,00737538	0,02632760
0,00640677	0,02464353
0,00551618	0,02294535
0,00470029	0,02123555
0,00395827	0,01951662
0,00329012	0,01779105
0,00269750	0,01606050
0,00217460	0,01432829
0,00171395	0,01259940
0,00130891	0,01087715
0,00095616	0,00916320
0,00065570	0,00746004
0,00040753	0,00576850
0,00021331	0,00408941
0,00007387	0,00242526
-0,00000830	0,00077605
-0,00003237	-0,00085490
0,00000498	-0,00247423
0,00011205	-0,00409854
0,00029631	-0,00572783
0,00056274	-0,00735712
0,00090885	-0,00898475
0,00134045	-0,01060657
0,00187165	-0,01221345
0,00250992	-0,01380041
0,00325028	-0,01536413
0,00409024	-0,01690046
0,00503312	-0,01840525
0,00607892	-0,01987435
0,00722266	-0,02130527
0,00846351	-0,02269884
0,00980147	-0,02404925
0,01124152	-0,02535152
0,01277868	-0,02660814
0,01441046	-0,02782243
0,01613271	-0,02900103
0,01794377	-0,03014892
0,01985526	-0,03124950
0,02186469	-0,03231937
0,02396210	-0,03338177
0,02616741	-0,03441097
0,02848311	-0,03541195
0,03091335	-0,03639135
0,03346643	-0,03735498
0,03614567	-0,03830948
0,03895937	-0,03926398
0,04191583	-0,04021682
0,04503248	-0,04115721
0,04832260	-0,04208349
0,05180279	-0,04300230
0,05548633	-0,04392360
0,05939231	-0,04484988
0,06354148	-0,04578197
0,06795542	-0,04671821
0,07266152	-0,04766109
0,07768385	-0,04861476
0,08305063	-0,04957507
0,08879755	-0,05053621
0,09495283	-0,05151312
0,10154303	-0,05249501
0,10860135	-0,05347690
0,11614522	-0,05446792
0,12418377	-0,05545894
0,13271949	-0,05643668
0,14174491	-0,05738952
0,15124758	-0,05830667
0,16120426	-0,05917983
0,17157926	-0,06000319
0,18232693	-0,06077011
0,19339166	-0,06147229
0,20472365	-0,06209230
0,21629468	-0,06262184
0,22806740	-0,06307087
0,23997458	-0,06344354
0,25196974	-0,06371910
0,26403711	-0,06389008
0,27615428	-0,06396810
0,28827809	-0,06395814
0,30036787	-0,06385273
0,31239789	-0,06364772
0,32434491	-0,06334145
0,33619233	-0,06293060
0,34792853	-0,06241019
0,35955102	-0,06177358
0,37107225	-0,06101081
0,38251214	-0,06011275
0,39390555	-0,05907110
0,40529066	-0,05787839
0,41671312	-0,05653213
0,42821360	-0,05503232
0,43981866	-0,05338892
0,45153245	-0,05161687
0,46333588	-0,04973111
0,47519077	-0,04774492
0,48705230	-0,04566245
0,49888976	-0,04348536
0,51066829	-0,04122942
0,52232730	-0,03892036
0,53379375	-0,03656814
0,54501452	-0,03417027
0,55596886	-0,03169604
0,56670159	-0,02909731
0,57727911	-0,02637491
0,58771968	-0,02355457
0,59800836	-0,02063629
0,60815428	-0,01759600
0,61818068	-0,01444615
0,62806266	-0,01124982
0,63771639	-0,00805930
0,64704559	-0,00492688
0,65596311	-0,00194469
0,66443243	0,00080676
0,67245189	0,00333411
0,68002481	0,00564317
0,68729478	0,00765509
0,69433318	0,00937734
0,70121554	0,01081158
0,70798336	0,01201508
0,71464245	0,01303100
0,72120028	0,01385270
0,72767594	0,01446441
0,73409184	0,01486696
0,74046707	0,01506035
0,74681740	0,01506367
0,75315030	0,01488273
0,75948071	0,01449263
0,76582191	0,01397720
0,77214900	0,01321194
0,77860972	0,01218523
0,78312575	0,01170964
999,90000000	999,90000000
0,99746993	-0,08607349
0,99648887	-0,08545016
0,99483717	-0,08439938
0,99296718	-0,08320750
0,99091044	-0,08188531
0,98871094	-0,08044194
0,98639524	-0,07889233
0,98400733	-0,07729873
0,98157543	-0,07571924
0,97907796	-0,07415220
0,97651160	-0,07258433
0,97388133	-0,07101231
0,97120458	-0,06944195
0,96849297	-0,06787823
0,96575480	-0,06632779
0,96299505	-0,06479063
0,96022036	-0,06327339
0,95742907	-0,06177524
0,95461952	-0,06029535
0,95178673	-0,05883123
0,94892655	-0,05737873
0,94603981	-0,05593370
0,94313232	-0,05449946
0,94021072	-0,05307601
0,93728248	-0,05166833
0,93435258	-0,05027891
0,93141936	-0,04891024
0,92848116	-0,04756066
0,92553715	-0,04623017
0,92258152	-0,04491628
0,91961925	-0,04362065
0,91664785	-0,04234162
0,91367064	-0,04108085
0,91069177	-0,03983917
0,90771124	-0,03861907
0,90472905	-0,03741972
0,90174686	-0,03624361
0,89876301	-0,03509074
0,89577501	-0,03395945
0,89278037	-0,03285057
0,88977992	-0,03176327
0,88677283	-0,03069755
0,88376076	-0,02965424
0,88074122	-0,02863334
0,87771338	-0,02763236
0,87467724	-0,02665296
0,87163529	-0,02569514
0,86858338	-0,02475807
0,86552483	-0,02384258
0,86245881	-0,02294784
0,85938449	-0,02207385
0,85630685	-0,02121978
0,85322755	-0,02038895
0,85014991	-0,01957970
0,84708306	-0,01879701
0,84402368	-0,01804171
0,84097509	-0,01731463
0,83793895	-0,01661826
0,83491111	-0,01595343
0,83189323	-0,01531931
0,82888697	-0,01471839
0,82588735	-0,01415316
0,82289105	-0,01362113
0,81990222	-0,01312313
0,81691090	-0,01266082
0,81391958	-0,01223088
0,81092826	-0,01183663
0,80794109	-0,01147475
0,80496139	-0,01114773
0,80199580	-0,01085557
0,79904515	-0,01060242
0,79611359	-0,01038828
0,79319780	-0,01021398
0,79030110	-0,01008201
0,78742100	-0,00999071
0,78455916	-0,00994257
0,78171724	-0,00993510
0,77889358	-0,00996664
0,77610810	-0,01003802
0,77332345	-0,01014675
0,77056702	-0,01028619
0,76788695	-0,01045468
0,76530316	-0,01065388
0,76286047	-0,01088047
0,76057216	-0,01113279
0,75846894	-0,01140669
0,75654334	-0,01170217
0,75480034	-0,01201425
0,75321836	-0,01234376
0,75178329	-0,01268738
0,75048600	-0,01304013
0,74930408	-0,01340201
0,74823504	-0,01376804
0,74726477	-0,01413739
0,74637916	-0,01450923
0,74557572	-0,01488024
0,74484449	-0,01525042
0,74417302	-0,01562060
0,74355633	-0,01599078
0,74299359	-0,01635847
0,74247567	-0,01672616
0,74199842	-0,01709634
0,74156267	-0,01746735
0,74117257	-0,01784417
0,74082148	-0,01822514
0,74050027	-0,01860279
0,74020811	-0,01897463
0,73994832	-0,01934481
0,73972173	-0,01971582
0,73952585	-0,02008600
0,73935653	-0,02045286
0,73921377	-0,02081557
0,73909840	-0,02117413
0,73901125	-0,02153352
0,73895398	-0,02189706
0,73892742	-0,02226724
0,73893489	-0,02264323
0,73897971	-0,02302254
0,73906022	-0,02340434
0,73917144	-0,02378780
0,73930839	-0,02417043
0,73947854	-0,02454393
0,73969268	-0,02489419
0,73996492	-0,02521125
0,74029692	-0,02549511
0,74067955	-0,02574992
0,74110285	-0,02597817
0,74156184	-0,02618401
0,74205901	-0,02636910
0,74259851	-0,02653676
0,74318449	-0,02668450
0,74382276	-0,02680983
0,74452494	-0,02691773
0,74530182	-0,02702397
0,74616502	-0,02714349
0,74712948	-0,02727214
0,74822093	-0,02740826
0,74946842	-0,02756347
0,75090681	-0,02774441
0,75257345	-0,02795191
0,75450071	-0,02819427
0,75670934	-0,02847896
0,75921096	-0,02881096
0,76198565	-0,02918114
0,76498859	-0,02957954
0,76815836	-0,02999786
0,77143769	-0,03043029
0,77478342	-0,03087019
0,77816318	-0,03131590
0,78155373	-0,03176576
0,78495424	-0,03222143
0,78836637	-0,03268125
0,79178099	-0,03314273
0,79519146	-0,03360421
0,79858035	-0,03406569
0,80194849	-0,03453298
0,80532410	-0,03501106
0,80871133	-0,03549495
0,81209109	-0,03597884
0,81545259	-0,03646688
0,81880413	-0,03696322
0,82216231	-0,03746786
0,82551302	-0,03797582
0,82883966	-0,03848793
0,83215302	-0,03901083
0,83547136	-0,03954701
0,83879634	-0,04009315
0,84211551	-0,04064510
0,84541725	-0,04120286
0,84870488	-0,04177141
0,85198421	-0,04235158
0,85526354	-0,04294503
0,85854121	-0,04354927
0,86181224	-0,04416430
0,86507414	-0,04479012
0,86832857	-0,04542839
0,87157636	-0,04607828
0,87481336	-0,04673896
0,87803708	-0,04741292
0,88125001	-0,04810099
0,88445796	-0,04880483
0,88766425	-0,04952361
0,89086473	-0,05025650
0,89405359	-0,05100267
0,89723249	-0,05176544
0,90041139	-0,05254398
0,90358033	-0,05333497
0,90672188	-0,05413675
0,90983521	-0,05495430
0,91295352	-0,05579924
0,91609341	-0,05666908
0,91923247	-0,05755303
0,92236157	-0,05845026
0,92547490	-0,05935911
0,92855586	-0,06027958
0,93161690	-0,06121914
0,93467213	-0,06218111
0,93772321	-0,06316549
0,94077014	-0,06416979
0,94380794	-0,06519401
0,94684242	-0,06623981
0,94987607	-0,06730802
0,95290640	-0,06839698
0,95593341	-0,06950586
0,95896042	-0,07063632
0,96198411	-0,07178255
0,96498705	-0,07293542
0,96793853	-0,07408663
0,97083440	-0,07524531
0,97368213	-0,07641810
0,97649417	-0,07761413
0,97928546	-0,07883838
0,98205683	-0,08009002
0,98480911	-0,08135494
0,98748254	-0,08258500
0,98999329	-0,08373704
0,99227662	-0,08478284
0,99430099	-0,08570663
0,99608134	-0,08650260
0,99714291	-0,08697072
